0.4392712550607287
0.4828897338403042
0.6016597510373444
0.6408317580340265
0.6445783132530121
0.6827731092436975
0.723404255319149
0.6855345911949685
0.6463414634146342
0.6867924528301886
0.7396694214876033
0.775
0.6761487964989059
0.6510204081632653
0.6477272727272727
0.6586826347305389
0.6852248394004282
0.6491228070175439
0.7333333333333333
0.6606060606060606
0.7354166666666667
0.6918489065606361
0.72
0.6955602536997886
0.6539923954372624
0.7068607068607069
0.7510822510822511
0.6778242677824268
0.7436440677966102
0.7200811359026369
0.7208835341365462
0.7756961309796605
0.7600104424946469
0.7786783934880982
0.732464551395071
0.7745579383535889
0.7670163855558776
0.7395219545396841
0.7414419618177983
0.7810785293076565
0.7542295716281964
0.751133972427371
0.7439644774522394
0.7382662932803713
0.730521147841566
0.7745996147608264
0.7447073767631884
0.7662683524879844
0.7664366151533524
0.7489320276679724
0.7627716016987812
0.7562726624074998
0.7442099907479445
0.7830719878195022
0.7627872062073917
0.7837679747028513
0.7816373435029192
0.7394676212940808
0.7495673678947651
0.738598424502534
0.7655673072197341
0.7327853686475092
0.7654668051124852
0.7775478775041109
0.7885039735121537
0.7785999832769697
0.7738582339384246
0.7487523883565957
0.7781778824063221
0.7335408249238493
0.7690626703102548
0.7663614043133881
0.7459378017906039
0.7761437613218233
0.7826691880764176
0.7336480650928159
0.7413902783481171
0.7806030995754513
0.7580880816135106
0.7626765346387598
0.7569208847959216
0.7695467773619646
0.7595860172586941
0.7406696187520618
0.7807749513607103
0.7614180617185172
0.7774835438013755
0.7753869982416226
0.7898276902070824
0.751451113898655
0.7701220951113942
0.7886765615699295
0.7765833329745365
0.7891015892975187
0.7773548607336815
0.7814986532516928
0.7725608390542988
0.7561598167416375
0.7839432734078675
0.7610223481488161