0.0
0.0
0.0625
0.09375
0.109375
0.109375
0.15625
0.203125
0.15625
0.171875
0.15625
0.203125
0.25
0.125
0.09375
0.15625
0.140625
0.15625
0.265625
0.15625
0.140625
0.15625
0.234375
0.15625
0.109375
0.125
0.28125
0.125
0.234375
0.21875
0.203125
0.189795
0.167269
0.130704
0.166284
0.1968
0.178044
0.148856
0.181588
0.178032
0.150136
0.20165
0.204887
0.163342
0.167881
0.134217
0.178862
0.14873
0.139544
0.152446
0.156002
0.211639
0.187589
0.175188
0.167806
0.181831
0.220763
0.145871
0.201768
0.195003
0.135611
0.205043
0.182778
0.167698
0.17727
0.147988
0.161881
0.214085
0.18208
0.141456
0.16757
0.157126
0.179464
0.218778
0.137522
0.227378
0.147965
0.133281
0.178065
0.193284
0.188698
0.167811
0.168434
0.192899
0.155336
0.178522
0.212532
0.145121
0.131613
0.192433
0.206044
0.134189
0.220359
0.145565
0.138799
0.208015
0.182858
0.216972
0.210458
0.182331