211.4076
215.2054
207.7935
212.5588
209.8827
214.9396
203.9362
203.9955
207.1098
209.3307
202.6562
204.1828
203.8924
217.1275
217.8443
210.8469
210.7734
215.277
202.0865
217.2886
207.5954
205.0131
208.1954
202.3301
210.2814
204.5029
209.9732
210.3968
205.7843
210.667
219.6051
213.0855
205.1053
213.5408
209.645
209.7838
213.8838
209.0533
203.03
217.3974
209.6838
210.6158
210.7479
207.4719
219.4768
216.1476
215.6406
206.155
206.4053
219.2678
204.0778
219.487
211.5959
214.5902
211.4499
202.5302
203.3884
206.7198
205.2313
202.0551
204.8632
211.5855
219.8173
207.5562
208.166
213.0374
207.7132
210.1565
207.0621
206.8802
209.2242
202.3077
209.3897
202.8289
215.9222
210.1589
215.5093
217.1235
219.3857
202.8395
217.1793
206.1495
206.6949
205.8201
208.9738
216.4645
217.2798
205.0367
202.3795
218.2098
207.6568
216.706
206.1546
203.5265
212.4028
213.6583
217.8361
204.771
214.1363
206.5689