359.9644
337.8941
355.8063
320.7475
351.1428
323.1222
355.1595
334.4925
332.2125
359.2948
322.5697
325.7006
323.2563
359.5518
346.4791
356.841
339.82
337.8493
346.888
344.1978
347.766
325.2126
359.1411
334.5948
340.4178
357.0807
359.0051
344.2288
326.5508
328.7545
351.1904
346.2348
346.3949
329.9445
323.8129
337.4735
321.969
324.758
324.548
339.2035
339.2802
342.7486
341.1241
347.5231
328.7842
327.4906
353.0069
329.6154
346.5956
348.5075
330.7694
324.2836
329.4584
320.9393
355.3537
357.5647
357.9559
339.2947
343.0157
350.0831
321.6445
341.9232
353.9642
357.2309
327.5331
353.3851
341.9093
354.0078
353.4026
353.9688
351.1688
353.3814
325.8173
346.3648
358.5064
335.3409
339.1127
333.0151
325.8551
330.0819
320.0287
327.3655
357.2401
323.2778
343.0744
323.927
330.8266
320.0598
333.5958
354.1904
338.3295
325.5465
325.7305
357.8468
358.3828
348.6297
334.876
326.0938
357.7784
321.5327