0.10769672601952895
0.20763928776565188
0.24641010913268235
0.22601952900631817
0.16140149339460086
0.22544514646754743
0.2056289488799541
0.23319931074095346
0.24382538770821371
0.29609419873635845
0.28977599080987937
0.35784032165422175
0.3736358414704193
0.3753589890867317
0.409821941412981
0.40924755887421027
0.3319931074095348
0.41671453187823093
0.418150488225158
0.42245835726593917
0.42073520964962663
0.43078690407811604
0.3925904652498564
0.4250430786904078
0.4350947731188972
0.4221711659965537
0.42073520964962663
0.43251005169442847
0.429350947731189
0.40924755887421027
0.4253302699597932
0.43968983342906376
0.4365307294658243
0.43078690407811604
0.36674325100516947
0.3989086731763355
0.43968983342906376
0.4411257897759908
0.4319356691556576
0.43882825962090755
0.43164847788627225
0.4339460080413555
0.39747271682940843
0.43251005169442847
0.4391154508902929
0.4261918437679495
0.4302125215393452
0.4330844342331993
0.4350947731188972
0.42676622630672023
0.3856978747846066
0.43968983342906376
0.42762780011487656
0.390867317633544
0.4310740953475014
0.43796668581275133
0.4391154508902929
0.4391154508902929
0.41326823664560597
0.4350947731188972
0.437105112004595
0.3968983342906376
0.4373923032739805
0.4506031016657094
0.44371051120045946
0.45002871912693854
0.43566915565766806
0.4394026421596784
0.43882825962090755
0.38943136128661693
0.4221711659965537
0.434233199310741
0.45089029293509475
0.44485927627800115
0.4310740953475014
0.4261918437679495
0.4465824238943136
0.43767949454336585
0.4483055715106261
0.44773118897185527
0.45290063182079265
0.44371051120045946
0.4603676048248133
0.45175186674325096
0.4485927627800115
0.4485927627800115
0.4250430786904078
0.44055140723721997
0.42762780011487656
0.45002871912693854
0.4333716255025847
0.4514646754738656
0.44083859850660545
0.4551981619758759
0.44170017231476166
0.43164847788627225
0.4425617461229179
0.4494543365881677
0.4445720850086158
0.4425617461229179
