0.3319672131147541
0.3326502732240437
0.34642249619894927
0.3679111344442939
0.3774845578752645
0.39613074858399705
0.4112643724580659
0.42163793509621
0.43172224166495066
0.4413042547865912
0.4597373040432801
0.47373082657868054
0.4807891141871332
0.4903541297343774
0.4996144222210235
0.5085336519183519
0.5197011174997206
0.5267187053672385
0.5360420714502369
0.5415799237276147
0.5479946254450526
0.5554631237112587
0.5615621342069241
0.5690377388414375
0.5747910807729285
0.5788866122969853
0.5831878765410957
0.5873937516986416
0.5899974219270994
0.5923351984946711
0.5955075458368332
0.5977951742932358
0.5995229482686277
0.60139257122412
0.6031511341000257
0.6058774554110999
0.6084434612683985
0.6110781338675573
0.6128660812250066
0.6146388850465375
0.6160107677514846
0.6177905840480882
0.6194985951111781
0.6205226489046812
0.6224665900401327
0.6238061317933654
0.6254349590069177
0.6264838400692736
0.6279334949662797
0.6287209053728815
0.6299060161340452
0.6317387198924338
0.6335412483335714
0.6341731635618141
0.6355498353132377
0.6370331368007641
0.6383625540034765
0.6383481419077618
0.6395186379331795
0.6410975267760255
0.6421472100277006
0.6433928419947083
0.643899285848457
0.6455084839884027
0.6462825849993779
0.6468166164754536
0.6473621406096548
0.6479704896415185
0.6484258349072516
0.6494602277419099
0.6508404241843161
0.6517955272253291
0.6529723681952943
0.6530626852702223
0.653623791214192
0.6548554305584096
0.6557479215352141
0.6569118539958568
0.6579466521367628
0.6587604230742727
0.6592619796173987
0.6601899788607293
0.6605116472360427
0.6609616542485531
0.6619174435186141
0.661562077107972
0.6623497370903542
0.6626133409302365
0.6628572103460871
0.6632619525594254
0.6638325890523737
0.6649303925243543
0.6659499968351585
0.6660483676176963
0.6665147996220766
0.666940932759201
0.6668445061187777
0.6673343732517342
0.6673276287407739
0.6680743950972894
0.668543114153384
