0.015625
0.0078125
0.020833333333333332
0.01953125
0.01875
0.018229166666666668
0.022321428571428572
0.021484375
0.026041666666666668
0.0296875
0.041193181818181816
0.044270833333333336
0.04447115384615385
0.05022321428571429
0.057291666666666664
0.05859375
0.06893382352941177
0.07552083333333333
0.07976973684210527
0.08359375
0.08482142857142858
0.08948863636363637
0.09171195652173914
0.095703125
0.09875
0.09915865384615384
0.10127314814814815
0.10044642857142858
0.10183189655172414
0.10572916666666667
0.10836693548387097
0.11083984375
0.11268939393939394
0.11397058823529412
0.11339285714285714
0.11371527777777778
0.11486486486486487
0.1147203947368421
0.11498397435897435
0.117578125
0.11890243902439024
0.11830357142857142
0.1184593023255814
0.11825284090909091
0.12083333333333333
0.12296195652173914
0.1233377659574468
0.12434895833333333
0.12595663265306123
0.1265625
0.12683823529411764
0.12740384615384615
0.12942216981132076
0.13105122785829307
0.13122529644268774
0.13278823757763975
0.1331998474446987
0.13278907421289354
0.13292188651436992
0.13461277173913044
0.1359920705630791
0.13631881136044882
0.135643115942029
0.13669752038043478
0.13627717391304348
0.13705327733860342
0.13803942245295264
0.1378476662404092
0.13879371455576558
0.13971273291925465
0.1412660747091243
0.14212522644927536
0.14317488088147706
0.14292927438307873
0.14248188405797102
0.14369100400457666
0.14425995200451722
0.14541527313266445
0.14753026967528893
0.14822520380434784
0.14832427536231885
0.14937367444326619
0.14945652173913043
0.14990942028985507
0.15108695652173912
0.15078361981799798
0.15138524487756122
0.15144052618577075
0.15096787982413287
0.15189462560386474
0.15177078356426182
0.15249881852551986
0.15321119682094436
0.1527448543015726
0.15245280320366134
0.15281787817028986
0.15285326086956522
0.15336623779946762
0.15402667984189725
0.15467391304347827
0.15608184459750324
