0.009849362688296615
0.010428736964078755
0.007242178447276926
0.01013904982618774
0.0165121668597914
0.015643105446118244
0.01593279258400926
0.012456546929316303
0.011008111239860896
0.013615295480880696
0.011008111239860896
0.011008111239860896
0.006083429895712644
0.004634994206257237
0.006083429895712644
0.004634994206257237
0.0095596755504056
0.008400926998841207
0.0055040556199305035
0.010428736964078755
0.007242178447276926
0.007531865585168052
0.006083429895712644
0.007821552723059066
0.007531865585168052
0.008690614136732333
0.010428736964078755
0.006373117033603659
0.007242178447276926
0.007531865585168052
0.005793742757821518
0.006083429895712644
0.006662804171494785
0.01013904982618774
0.006373117033603659
0.007821552723059066
0.01274623406720743
0.011008111239860896
0.0055040556199305035
0.012166859791425289
0.005793742757821518
0.008400926998841207
0.006662804171494785
0.007242178447276926
0.006373117033603659
0.010718424101969881
0.006662804171494785
0.006083429895712644
0.007531865585168052
0.004924681344148363
0.005793742757821518
0.006373117033603659
0.006662804171494785
0.008690614136732333
0.006662804171494785
0.005793742757821518
0.006952491309385911
0.006373117033603659
0.007531865585168052
0.006373117033603659
0.007242178447276926
0.0037659327925839703
0.006952491309385911
0.006083429895712644
0.006952491309385911
0.006662804171494785
0.006083429895712644
0.009849362688296615
0.007821552723059066
0.006083429895712644
0.005793742757821518
0.006373117033603659
0.006662804171494785
0.0055040556199305035
0.008111239860950192
0.007242178447276926
0.004634994206257237
0.006373117033603659
0.007821552723059066
0.005793742757821518
0.007531865585168052
0.008980301274623459
0.005793742757821518
0.005214368482039378
0.004634994206257237
0.007821552723059066
0.008690614136732333
0.008400926998841207
0.006662804171494785
0.007242178447276926
0.005214368482039378
0.004055619930475096
0.006662804171494785
0.005793742757821518
0.006952491309385911
0.007531865585168052
0.004634994206257237
0.008980301274623459
0.006083429895712644
0.007242178447276926
