0.0864269141531323
0.21055684454756385
0.3010440835266821
0.3375870069605569
0.35730858468677495
0.375
0.3918213457076566
0.35121809744779586
0.36165893271461713
0.37267981438515085
0.3903712296983759
0.3706496519721578
0.41125290023201855
0.4138631090487239
0.38341067285382835
0.41618329466357307
0.40690255220417637
0.4071925754060325
0.39298143851508116
0.4106728538283063
0.40777262180974483
0.4167633410672854
0.4132830626450116
0.41560324825986084
0.410092807424594
0.39559164733178653
0.3660092807424594
0.41734338747099764
0.419953596287703
0.09947795823665895
0.1389211136890951
0.21490719257540603
0.24651972157772617
0.12906032482598606
0.013631090487238984
0.03683294663573089
0.04669373549883993
0.04495359628770301
0.055104408352668166
0.05829466357308588
0.058004640371229654
0.058584686774941996
0.055104408352668166
0.049593967517401416
0.06119489559164737
0.05133410672853833
0.06293503480278417
0.05365429234338748
0.06351508120649652
0.06235498839907194
0.05829466357308588
0.06728538283062646
0.04669373549883993
0.059454756380510454
0.06467517401392109
0.05336426914153136
0.05394431554524359
0.056554524361948966
0.06090487238979114
0.06496519721577731
0.05829466357308588
0.05742459396751742
0.059454756380510454
0.019721577726218076
0.007540603248259892
0.014211136890951326
