0.03364969801553064
0.1489790048892724
0.21512798389416166
0.24475122231809032
0.28472821397756687
0.30083405234397465
0.3137762438884095
0.3304572907679033
0.3471383376473972
0.3422490652861663
0.3543284440609721
0.36784584411849297
0.365257405809606
0.3853897037676157
0.38452689099798676
0.39171699741156174
0.39286741443773365
0.41012366983031345
0.41472533793500144
0.4213402358354904
0.4239286741443773
0.42162784009203336
0.44291055507621513
0.4411849295369571
0.4385964912280702
0.44147253379350015
0.44463618061547316
0.4454989933851021
0.4656312913431119
0.46908254242162783
0.45815358067299394
0.47224618924360084
0.47483462755248773
0.4693701466781708
0.48173712970951965
0.4794362956571757
0.4998561978717285
0.4828875467356917
0.4897900488927236
0.4972677595628415
0.4943917169974116
0.5067587000287604
0.5001438021282715
0.5148116192119643
0.5090595340811044
0.5127983894161634
0.5171124532643083
0.5104975553638194
0.5217141213689962
0.5130859936727064
0.5125107851596203
0.5303422490652862
0.5133735979292493
0.5211389128559103
0.5349439171699741
0.5222893298820823
0.5314926660914582
0.5286166235260281
0.5291918320391142
0.5335058958872592
0.5309174575783722
0.5464480874316939
0.539545585274662
0.54414725337935
0.540983606557377
0.548748921484038
0.544722461892436
0.5392579810181191
0.551337359792925
0.548173712970952
0.5542134023583549
0.5533505895887258
0.5559390278976128
0.5685936151855047
0.5576646534368709
0.55277538107564
0.5691688236985908
0.5542134023583549
0.5642795513373597
0.551337359792925
0.5743457003163647
0.5611159045153868
0.5579522576934139
0.5717572620074778
0.5616911130284727
0.5777969513948806
0.5683060109289617
0.5812482024733966
0.5700316364682197
0.5752085130859936
0.5734828875467357
0.5789473684210527
0.5884383088869716
0.5829738280126546
0.5786597641645097
0.5881507046304285
0.5898763301696865
0.5887259131435145
0.5861374748346275
0.5927523727351165